0	0	0.25
1	1	0.59
1	1	0.55
1	1	0.64
1	1	0.53
1	1	0.64
1	2	0.63
1	3	0.95	3000
0	0	0.09
0	0	0.08
0	0	0.08
0	0	0.11
1	1	0.74
1	2	0.82
0	3	0.62	0
0	0	0.08	0
0	0	0.12	0
0	0	0.14
0	0	0.09
0	1	0.66
1	2	0.88
1	3	0.99	0
0	0	0.19
0	1	0.53
1	2	0.95
1	3	1	0
0	0	0.11
0	0	0.13
0	0	0.12
0	1	0.72
0	2	0.74
0	2	0.68
1	3	0.74	0
0	0	0.14
0	0	0.16
1	1	0.63
1	1	0.63
1	2	0.9
1	2	0.94
1	2	0.93
1	3	0.99	4000
0	0	0.19
0	0	0.24
1	1	0.89
1	1	0.87
0	2	0.04	0
0	0	0.25
0	1	0	0
0	0	0.23
0	1	0.66
0	2	0.49
0	2	0.36
0	3	0.54	5000
0	0	0.08
0	0	0.08
1	0	0.11	0
0	0	0.13
0	1	0.7
0	1	0.69
0	1	0.74
0	1	0.66
0	1	0.7
0	1	0.77
0	1	0.72
0	1	0.73
0	1	0.82
0	1	0.72
0	1	0.74
0	1	0.78
0	1	0.71
0	1	0.68
0	1	0.72
0	1	0.73
0	1	0.77
0	1	0.67
0	1	0.72
0	1	0.73
0	1	0.68
0	1	0.66
0	1	0.66
0	1	0.76
0	0	0.34
0	1	0.89
0	1	0.83
0	1	0.84
0	1	0.83
0	1	0.84
0	1	0.77
0	1	0.81
0	1	0.83
0	1	0.86
0	1	0.75
0	1	0.79
0	1	0.8
0	1	0.74
0	1	0.86
0	1	0.83
0	1	0.76
0	1	0.88
0	1	0.89
0	1	0.9
0	1	0.9
0	1	0.86
0	1	0.8
0	1	0.76
0	1	0.82
0	1	0.88
0	1	0.88
0	1	0.9
0	1	0.83
0	1	0.83
0	1	0.89
1	0	0.1	0
1	0	0.07	0
0	0	0.28
0	1	0.83
0	1	0.9
0	1	0.87
0	1	0.85
0	1	0.92
0	2	0.91
0	3	1	0
0	0	0.09
0	0	0.1
0	1	0.66
0	2	0.59
0	3	0.77	0
0	0	0.05
0	0	0.12
0	0	0.07
0	1	0.77
0	1	0.75
0	2	0.86
0	3	0.81	0
1	0	0.17	0
1	0	0.16	0
1	0	0.13	0
1	0	0.1
