0	0	0.1 
0	1	0.65 
0	2	0.77 
0	2	0.74 
0	2	0.78 
0	2	0.85 
0	2	0.75 
0	2	0.73 
0	2	0.7 
0	2	0.81 
0	2	0.69 
0	2	0.77 
0	2	0.72 
0	2	0.74 
0	2	0.76 
0	2	0.8 
0	2	0.71 
0	2	0.82 
0	2	0.69 
0	2	0.81 
0	2	0.77 
0	2	0.78 
0	2	0.83 
0	2	0.8 
0	2	0.78 
0	2	0.72 
0	0	0.1 
0	1	0.71 
0	2	0.72 
0	3	0.78	5000
1	0	0.11	0
0	0	0.14 
0	1	0.84 
0	2	0.86 
0	3	0.87	0
1	0	0.06	0
1	0	0.12	0
1	0	0.08	0
1	0	0.08	1	0	0.11	0
1	0	0.15	0
0
0
1	0	0.13	0
1	0	0.16	0
0	0	0.21 
0	0	0.2 
0	1	0.81 
1	2	0.86	0
1	0	0.15	0
1	0	0.25	0
1	0	0.19	0
1	0	0.11	0
0
0
1	0	0.14	0
1	0	0.22	0
1	0	0.15	0
0
0
1	0	0.11	0
1	0	0.17	0
1	0	0.14	0
1	0	0.1	0
1	0	0.06	0
1	0	0.26	0
1	0	0.12	0
0	0	0.09 
1	1	0.82	0
1	0	0.08	0
1	0	0.18	0
1	0	0.16	0
0	0	0.19 
1	1	0.94	0
1	0	0.22	