0	0	0.25
1	1	0.59
1	1	0.55
1	1	0.64
1	1	0.53
1	1	0.64
1	2	0.63
1	3	0.95	3000
0	0	0.09
0	0	0.08
0	0	0.08
0	0	0.11
1	1	0.74
1	2	0.82
0	3	0.62	0
0	0	0.08	0
0	0	0.12	0
0	0	0.14
0	0	0.09
0	1	0.66
1	2	0.88
1	3	0.99	0
0	0	0.19
0	1	0.53
1	2	0.95
1	3	1	0
0	0	0.11
0	0	0.13
0	0	0.12
0	1	0.72
0	2	0.74
0	2	0.68
1	3	0.74	0
0	0	0.14
0	0	0.16
1	1	0.63
1	1	0.63
1	2	0.9
1	2	0.94
1	2	0.93
1	3	0.99	4000
0	0	0.19
0	0	0.24
1	1	0.89
1	1	0.87
0	2	0.04	0
0	0	0.25
0	1	0	0
0	0	0.23
0	1	0.66
0	2	0.49
0	2	0.36
0	3	0.54	5000
0	0	0.08	0
0	0	0.08
